12313121321212

00 00 00 00 00 2f 00 64 00 2b 00 cf 00 00 00 00 14 31 32 33 31 33 31 32 31 33 32 31 32 31 32 03 41 4d 49 

00 00 00 00 00 29 00 64 00 25 00 cf 00 00 00 00 07 61 6d 69 31 32 33 34 04 61 6d 69 31 


00 00 00 00 00 26 00 64 00 22 00 cf 00 00 00 00 05 44 49 43 4b 59 03 41 4a 41 


00 00 00 00 00 24 00 64 00 20 00 cf 00 00 00 00 03 61 6d 69 03 61 6d 69 00 00 00 00 00 00 00 00 00 00 00 00 00 00 00 00 00 00

00 00 00 00 00 24 00 64 00 20 00 cf 00 00 00 00 03 61 6d 69 03 61 6d 69 00 00 00 00 00 00 00 00 00 00 00 00 00 00 00 00 00 00


00 00 00 00 00 24 00 64 00 20 00 cf 00 00 00 00 07 61 6d 69 61 6d 69 69 00 00 00 00 00 00 00 00 00 00 00 00 00 00 00 00 00 00

00 00 00 00 00 23 00 64 00 1F 00 cf 00 00 00 00 05 69 61 6d 69 69 00 00 00 00 00 00 00 00 00 00 00 00 00 00 00 00 00 00

00 00 00 00 00 23 00 64 00 1F 00 cf 00 00 00 00 05 62 63 64 65 61 00 00 00 00 00 00 00 00 00 00 00 00 00 00 00 00 00 00 00
00 00 00 00 00 24 00 64 00 20 00 cf 00 00 00 00 06 31 32 31 39 30 32 00 00 00 00 00 00 00 00 00 00 00 00 00 00 00 00 00 00 00

00 00 00 00 00 28 00 64 00 24 00 cf 00 00 00 00 0A 32 30 32 38 30 31 38 32 30 39 00 00 00 00 00 00 00 00 00 00 00 00 00 00 00 00 00 00 00


00 00 00 00 00 2a 00 64 00 26 00 cf 00 00 00 00 06 41 4d 49 41 4d 49 03 41 4d 49 03 61 6d 69 00 00 00 00 00 00 00 00 00 00 00 00 00 00 00 00 00

00 00 00 00 00 2f 00 64 00 2b 00 cf 00 00 00 00 0e 31 32 33 34 35 36 37 38 39 30 34 33 32 31 03 41 4d 49 00 00 00 00 00 00 00 00 00 00 00 00 00 00 00 00 00 00

00 00 00 00 00 2f 00 64 00 2b 00 cf 00 00 00 00 06 41 4d 49 41 4d 49 03 31 32 33 07 61 6d 69 41 4d 49 49 00 00 00 00 00 00 00 00 00 00 00 00 00 00 00 00 00 00


00 00 00 00 00 34 00 64 00 30 00 cf 00 00 00 00 0e 31 32 33 31 32 33 31 32 33 31 33 32 31 33 03 61 6d 69 04 61 6d 69 32 00 00 00 00 00 00 00 00 00 00 00 00 00 00 00 00 00 00

00 00 00 00 00 32 00 64 00 2e 00 cf 00 00 00 00 0e 31 32 31 39 30 32 38 30 31 38 32 30 39 38 03 61 61 61 02 35 35 00 00 00 00 00 00 00 00 00 00 00 00 00 00 00 00 00 00	


64 ## ## 00 CA 08 74 65 73 74 2e 69 6e 69 03 61 62 63 05 61 61 61 61 61 00 02 62 62 00 01 02 03 04 05 00 00 00 00 00 00 00 00 00 00 00 00 00 00 00


00 00 00 00 00 34 00 64 00 30 00 cf 00 00 00 00 0e 31 32 31 39 30 32 38 30 31 38 32 30 39 31 04 41 4d 49 31 04 41 4d 49 32 00 00 00 00 00 00 00 00 00 00 00 00 00 00 00 00 00


00 00 00 00 00 30 00 64 00 2c 00 cf 00 00 00 00 0e 31 32 31 39 30 32 38 30 31 38 32 30 39 31 04 41 4d 49 21 00 00 00 00 00 00 00 00 00 00 00 00 00 00 00 00 00 00

00 00 00 00 00 35 00 64 00 31 00 cf 00 00 00 00 0e 31 32 31 39 30 32 38 30 31 38 32 30 39 31 04 41 4d 49 78 04 61 6d 69 78 00 00 00 00 00 00 00 00 00 00 00 00 00 00 00 00 00


00 00 00 00 00 35 00 64 00 31 00 cf 00 00 00 00 0e 31 32 31 39 30 32 38 30 31 38 32 30 39 31 04 41 4d 49 44 04 44 49 41 4d 00 00 00 00 00 00 00 00 00 00 00 00 00 00 00 00 00 00

00 00 00 00 00 34 00 64 00 30 00 cf 00 00 00 00 0e 31 32 31 39 30 32 38 30 31 38 32 30 39 31 08 44 49 43 4b 59 41 4d 49 00 00 00 00 00 00 00 00 00 00 00 00 00 00 00 00 00 00 00

00 00 00 00 00 34 00 64 00 30 00 cf 00 00 00 00 0e 31 32 31 39 30 32 38 30 31 38 32 30 39 31 04 41 4d 49 44 04 44 49 41 4d 00 00 00 00 00 00 00 00 00 00 00 00 00 00 00 00 00

00 00 00 00 00 35 00 64 00 31 00 cf 00 00 00 00 0e 31 32 31 39 30 32 38 30 31 38 32 30 39 31 03 41 4d 49 03 41 4d 49 03 41 4d 49 00 00 00 00 00 00 00 00 00 00 00 00 00 00 00 00


00 00 00 00 00 4d 00 64 00 49 00 cf 00 00 00 00 0e 32 39 31 38 33 34 39 30 32 31 38 34 30 39 0e 38 37 38 34 37 39 33 37 32 39 34 38 37 39 03 30 30 31 06 32 30 30 39 32 32 0a 30 39 33 34 39 30 32 31 38 30 00 00 00 00 00 00 00 00 00 00 00 00 00 00 00

00 00 00 00 00 4d 00 64 00 49 00 cf 00 00 00 00 0e 32 39 31 38 33 34 39 30 32 31 38 34 30 39 0e 38 37 38 34 37 39 33 37 32 39 34 38 37 39 03 30 30 31 06 32 30 30 39 32 31 0a 30 39 33 34 39 30 32 31 38 30 00 00 00 00 00 00 00 00 00 00 00 00 00 00 00


00 00 00 00 00 4d 00 64 00 49 00 cf 00 00 00 00 0e 32 39 31 38 33 34 39 30 32 31 38 34 30 39 0e 38 37 38 34 37 39 33 37 32 39 34 38 37 39 03 30 30 31 06 32 30 30 39 32 31 0a 30 39 33 34 39 30 32 31 38 30 00 00 00 00 00 00 00 00 00 00 00 00 00 00 00

00 00 00 00 00 4e 00 64 00 4a 00 cf 00 00 00 00 0e 30 39 32 38 31 30 33 34 38 30 32 31 34 38 0e 39 30 32 31 34 30 38 32 30 31 34 39 30 31 04 30 30 30 32 08 32 30 30 39 32 30 32 33 08 39 33 38 30 38 32 30 39 00 00 00 00 00 00 00 00 00 00 00 00 00 00 00

00 00 00 00 00 4e 00 64 00 4a 00 cf 00 00 00 00 0e 30 39 32 38 31 30 33 34 38 30 32 31 34 38 0e 39 30 32 31 34 30 38 32 30 31 34 39 30 31 04 30 30 30 32 08 32 30 30 39 32 30 32 33 08 39 33 38 30 38 32 30 39 00 00 00 00 00 00 00 00 00 00 00 00 00 00

00 00 00 00 00 48 00 64 00 44 00 cf 00 00 00 00 0e 30 39 38 39 30 32 31 38 33 30 39 34 38 30 0e 39 30 32 33 31 38 34 39 30 31 32 38 30 34 04 39 30 30 31 06 39 32 31 30 34 38 04 39 31 32 30 00 00 00 00 00 00 00 00 00 00 00 00 00 00 00

00 00 00 00 00 49 00 64 00 45 00 cf 00 00 00 00 0e 39 30 38 33 34 30 39 38 33 32 30 39 35 38 0e 30 32 39 34 38 30 39 32 31 38 34 30 39 32 03 30 30 33 06 30 32 30 32 32 32 06 30 39 30 31 32 34  00 00 00 00 00 00 00 00 00 00 00 00 00 00 00 

00 00 00 00 00 49 00 64 00 45 00 cf 00 00 00 00 0e 39 30 38 33 34 30 39 38 33 32 30 39 35 38 0e 30 32 39 34 38 30 39 32 31 38 34 30 39 32 03 30 30 33 06 30 32 30 32 32 32 06 30 39 30 31 32 34  00 00 00 00 00 00 00 00 00 00 00 00 00 00 00 

00 00 00 00 00 49 00 64 00 45 00 cf 00 00 00 00 0e 39 30 38 33 34 30 39 38 33 32 30 39 35 38 0e 30 32 39 34 38 30 39 32 31 38 34 30 39 32 03 30 30 33 06 30 32 30 32 32 32 06 30 39 30 31 32 34  00 00 00 00 00 00 00 00 00 00 00 00 00 00 00 

00 00 00 00 00 36 01 64 00 32 01 42 00 00 58 31 00 56 31 30 01 02 00 41 07 45 9B F8 00 00 00 3E 00 00 00 03 00 03 57 E7 00 00 00 00 00 03 57 EE 00 00 00 00 00 00 00 00 00 00 00 00

\00\00\00\00\00\07\01d\00\03\011\00

00 00 00 00 00 07 01 64 00 03 01 31 00

00 00 00 00 00 36 01 64 00 32 01 42 00 00 58 31 00 56 31 30 01 02 00 41 07 45 9B F8 00 00 00 3E 00 00 00 03 00 03 57 E7 00 00 00 00 00 03 57 EE 00 00 00 00 00 00 00 00 00 00 00 00


00 00 00 00 00 08 01 64 00 04 01 7F 00 06

00 00 00 00 00 0D 01 64 00 09 01 D3 06 4E 65 78 2D 58 31

=================================================================

Get Printer Name
00 00 00 00 00 06 00 64 00 02 00 D3

00 00 00 00 00 0D 01 64 00 09 01 D3 06 4E 65 78 2D 58 31
\00\00\00\00\00\r\01d\00\t\01\d3\06Nex-X1


Get measure unit
00 00 00 00 00 06 00 64 00 02 00 BE

00 00 00 00 00 07 01 64 00 03 01 BE 00
\00\00\00\00\00\07\01d\00\03\01\be\00


Get IP Address
00 00 00 00 00 06 00 64 00 02 00 33

00 00 00 00 00 11 01 64 00 0D 01 33 31 37 32 2E 31 36 2E 32 30 2E 38
\00\00\00\00\00\11\01d\00\r\013172.16.20.8


Get Clock
00 00 00 00 00 06 00 64 00 02 00 34

\00\00\00\00\00\r\01d\00\t\014\07\e6\t\07\00(0
00 00 00 00 00 0D 01 64 00 09 01 34 07 E6 09 07 00 28 30


Get All String Table Name
00 00 00 00 00 06 00 64 00 02 00 CD

00 00 00 00 00 61 01 64 00 5D 01 CD 10 43 6F 6E 6E 65 63 74 20 5F 70 63 31 2E 69 6E 69 0E 64 65 66 61 75 6C 74 2D 45 4E 2E 69 6E 69 0E 64 65 66 61 75 6C 74 2D 53 43 2E 69 6E 69 0E 64 65 66 61 75 6C 74 2D 54 43 2E 69 6E 69 12 47 53 31 20 64 61 74 61 6D 61 74 72 69 78 2E 69 6E 69 09 54 65 73 74 31 2E 69 6E 69

\00\00\00\00\00a\01d\00]\01\cd\10Connect _pc1.ini\0edefault-EN.ini\0edefault-SC.ini\0edefault-TC.ini\12GS1 datamatrix.ini\tTest1.ini



Get Printer Status
00 00 00 00 00 06 00 64 00 02 00 A7
00 00 00 00 00 76 01 64 00 72 01 A7 00 00 58 31 00 56 31 30 01 02 00 41 07 45 9B F8 00 00 00 3E 00 00 00 03 00 00 00 00 00 06 00 07 4B 01 18 00 00 00 3E 00 00 00 03 01 1D D8 AE 00 00 00 00 00 00 00 00 00 00 00 00 12 8E 30 BA 00 00 00 00 37 F3 4B C6 01 00 00 00 00 00 00 00 00 00 00 00 00 00 00 00 00 00 00 00 00 00 00 00 01 00 00 00 00 00 00 00 00 00 00 00 00 00 00 00 00

Get Printing Status
00 00 00 00 00 06 00 64 00 02 00 45
\00\00\00\00\00?\01d\00;\01E\01\00\00\00\00\00\00\00\00\00\00\00\00\00\00\00\00\00\00\00\n\00\00\02O\00\01\84X\00\00\00\00@0gy\9d\e6w\9a@ \d1\eb\85\1e\b8R\00\02\05#\00\00\00\05

00 00 00 00 00 3F 01 64 00 3B 01 45 
01 
00 00 
00 00 
00 00 00 00 
00 00 00 00 
00 00 00 00 
00 00 00 0A =>10
00 00 02 4F => 591
00 01 84 58 => 99416 
00 00 00 00 
40 30 67 79 9D E6 77 9A 
40 20 D1 EB 85 1E B8 52 
00 02 05 23 =>132387
00 00 00 05 => 5

00 00 00 00 00 3F 01 64 00 3B 01 45 
01 
00 00 
00 00 
00 00 00 00 
00 00 00 00 
00 00 00 00 
00 00 00 00 =>0
00 00 00 00 => 0
00 01 92 0D => 102925
00 00 00 00 
40 30 67 79 9D E6 77 9A 
40 22 6B 85 1E B8 51 EC 
00 02 17 65 => 137061
00 00 00 09

00 00 00 00 00 3F 01 64 00 3B 01 45 
01 
00 00 
00 00 
00 00 00 00 
00 00 00 00 
00 00 00 00 
00 00 00 6E => 110
00 00 00 6E ==> 110
00 01 91 DD => 102887
00 00 00 00 
40 30 67 79 9D E6 77 9A 
40 23 57 0A 3D 70 A3 D7 
00 02 17 65 = 137061
00 00 00 00
\00\00\00\00\00?\01d\00;\01E\01\00\00\00\00\00\00\00\00\00\00\00\00\00\00\00\00\00\00\00n\00\00\00n\00\01\91\dd\00\00\00\00@0gy\9d\e6w\9a@#W\n=p\a3\d7\00\02\17e\00\00\00\00


Read string buffer
00 00 00 00 00 06 00 64 00 02 00 CD
00 00 00 00 00 0D 00 64 00 00 00 00 00 00 00 02 00 CC 01 
00 00 00 00 00 06 00 64 00 06 00 00 00 00 00 00 00 cc 00 00

00 00 00 00 00 3F 01 64 00 3B 01 45 01 00 00 00 00 00 00 00 00 00 00 00 00 00 00 00 00 00 00 00 00 00 00 00 00 00 01 83 20 00 00 00 00 40 30 67 79 9D E6 77 9A 40 24 0A 3D 70 A3 D7 0A 00 02 03 C5 00 00 00 0D
b'\x00\x00\x00\x00\x00?\x01d\x00;\x01E\x01\x00\x00\x00\x00\x00\x00\x00\x00\x00\x00\x00\x00\x00\x00\x00\x00\x00\x00\x00\x00\x00\x00\x00\x00\x00\x01\x83 \x00\x00\x00\x00@0gy\x9d\xe6w\x9a@$\x0f\\(\xf5\xc2\x8f\x00\x02\x03\xc5\x00\x00\x00\x0e'

\00\00\00\00\00?\01d\00;\01E\01\00\00\00\00\00\00\00\00\00\00\00\00\00\00\00\00\00\00\00\00\00\00\00\00\00\01\83 \00\00\00\00@0gy\9d\e6w\9a@$(\f5\c2\8f\\)\00\02\03\c5\00\00\00\10


b'\x00\x00\x00\x00\x00?\x01d\x00;\x01E\x01\x00\x00\x00\x00\x00\x00\x00\x00\x00\x00\x00\x00\x00\x00\x00\x00\x00\x00\x00\x00\x00\x00\x00\x00\x00\x01\x83\x00\x00\x00\x00@0gy\x9d\xe6w\x9a@$\xae\x14z\xe1G\xae\x00\x02\x03\xc5\x00\x00\x00'

\00\00\00\00\00?\01d\00;\01E\01\00\00\00\00\00\00\00\00\00\00\00\00\00\00\00\00\00\00\00\00\00\00\00\00\00\01\83 \00\00\00\00@0gy\9d\e6w\9a@$(\f5\c2\8f\\)\00\02\03\c5\00\00\00\10

92 48 48 92 48 48 92 48 48 92 48 48 92 48 48 63 92 48 49 100 92 48 48 59 92 48 49 69 92 48 49 92 48 48 92 48 48 92 48 48 92 48 48 92 48 48 92 48 48 92 48 48 92 48 48 92 48 48 92 48 48 92 48 48 92 48 48 92 48 48 92 48 48 92 48 48 92 48 48 92 48 48 92 48 48 92 48 48 92 48 48 92 48 48 92 48 48 92 48 48 92 48 48 92 48 48 92 48 49 92 56 51 32 92 48 48 92 48 48 92 48 48 92 48 48 64 48 103 121 92 57 100 92 101 54 119 92 57 97 64 36 40 92 102 53 92 99 50 92 56 102 92 92 41 92 48 48 92 48 50 92 48 51 92 99 53 92 48 48 92 48 48 92 48 48 92 49 48
